$SPEC_ID:
No sample description was entered.
$SPEC_REM:
DET# 1
DETDESC# DESKTOP-3T5R9UA MCB 129
AP# Maestro Version 7.01
$DATE_MEA:
07/04/2017 12:53:31
$MEAS_TIM:
13296 13376
$DATA:
0 2047
       0
       0
       0
       0
       0
       0
       0
       0
       0
       0
       0
       0
       0
       0
       0
       0
       0
       0
       0
       0
       0
       0
       0
       0
       0
       1
      25
      66
     235
   11221
   12478
   12607
   12610
   12642
   12693
   12814
   12871
   13019
   12938
   12939
   13082
   13018
   13419
   13409
   13584
   13488
   13650
   13819
   13966
   14217
   14090
   14549
   14921
   15100
   15367
   15575
   15943
   16288
   16428
   16979
   17294
   17720
   17982
   18394
   18531
   19215
   19503
   20043
   20677
   20982
   21470
   21810
   22169
   22472
   22242
   22607
   22548
   22727
   22861
   22599
   22851
   23494
   23325
   23416
   23694
   23491
   23380
   23616
   23284
   23582
   23591
   23795
   23749
   23733
   23906
   23728
   23805
   23623
   23729
   24002
   23797
   23784
   23836
   23703
   24194
   23997
   23786
   23699
   24062
   23916
   23953
   24373
   23876
   23743
   24098
   23888
   23901
   23870
   23916
   23922
   23909
   23785
   23860
   23714
   23577
   23415
   23392
   23351
   23487
   23259
   23334
   23251
   23019
   23053
   22783
   22924
   22773
   22798
   22548
   22248
   22092
   22256
   22293
   22149
   21953
   21815
   21896
   21581
   21437
   21700
   21398
   21477
   21175
   21246
   20995
   21015
   20952
   20750
   20980
   20887
   20818
   20649
   20914
   20674
   20676
   20688
   20984
   20712
   20612
   20576
   20763
   20555
   20666
   20759
   21027
   21391
   21371
   21570
   21870
   22134
   22696
   23157
   23429
   24000
   24477
   24960
   25408
   25585
   26357
   26488
   27355
   27418
   27371
   27291
   27804
   27912
   27980
   27967
   27901
   27702
   27576
   27388
   26799
   26988
   26414
   26306
   25821
   25578
   25249
   24747
   24624
   24412
   23717
   23667
   23338
   22795
   22511
   22221
   21784
   21431
   21146
   21032
   20660
   20421
   20099
   20040
   19914
   19337
   19294
   18660
   18908
   18388
   17997
   18233
   17765
   17866
   17708
   17657
   17134
   17184
   16785
   16831
   16537
   16627
   16429
   16021
   15968
   15850
   15916
   15932
   15700
   15788
   15476
   15529
   15302
   15115
   14970
   15260
   15076
   15040
   14613
   14723
   14643
   14864
   14751
   14466
   14259
   14270
   14056
   14227
   13964
   13993
   13808
   13538
   13634
   13511
   13480
   13444
   13290
   13153
   12889
   13021
   12770
   12960
   12801
   12775
   12561
   12726
   12624
   12675
   12624
   12466
   12395
   12465
   12449
   12374
   12167
   12323
   12365
   12133
   12216
   12116
   12165
   11930
   12174
   12057
   11880
   11914
   11816
   11830
   11620
   11590
   11629
   11705
   11398
   11380
   11458
   11162
   11172
   11013
   11333
   10903
   11030
   10889
   10942
   10755
   10943
   10748
   10755
   10697
   10604
   10719
   10595
   10574
   10506
   10428
   10452
   10515
   10493
   10482
   10567
   10464
   10192
   10384
   10152
   10202
   10356
   10204
   10147
   10045
   10174
   10283
   10134
   10220
   10263
   10096
   10033
   10246
   10075
    9855
   10017
   10156
    9842
   10037
    9743
    9885
    9933
    9797
    9993
    9891
    9863
    9866
    9922
    9781
    9754
    9609
    9716
    9621
    9679
    9665
    9568
    9739
    9608
    9683
    9815
    9682
    9786
    9563
    9658
    9716
    9626
    9571
    9751
    9489
    9554
    9645
    9617
    9400
    9543
    9613
    9599
    9526
    9335
    9575
    9502
    9541
    9592
    9491
    9592
    9470
    9459
    9286
    9267
    9296
    9451
    9435
    9487
    9435
    9330
    9399
    9370
    9304
    9564
    9341
    9415
    9406
    9310
    9303
    9194
    9238
    9248
    9488
    9219
    9260
    9379
    9345
    9235
    9256
    9361
    9259
    9250
    9139
    9340
    9140
    9454
    9148
    9131
    9183
    8997
    8937
    9082
    9149
    9156
    9164
    9149
    9204
    9077
    9143
    9036
    8994
    9091
    9062
    9033
    9121
    8821
    8946
    8972
    9170
    9032
    9079
    9048
    8881
    8943
    8932
    9245
    9072
    8889
    8950
    9088
    9017
    9127
    9154
    9145
    9100
    9013
    9037
    9237
    9058
    9167
    9133
    9046
    9071
    8963
    9007
    9214
    8971
    9218
    9126
    9102
    8927
    9059
    8985
    9221
    9148
    9300
    9072
    9166
    9324
    9107
    9289
    9119
    9285
    9170
    8982
    9227
    9064
    9191
    9092
    8981
    9230
    9328
    9131
    9299
    9174
    9017
    9267
    9159
    9082
    9070
    8928
    9080
    8934
    8874
    8909
    8960
    8895
    8824
    9047
    9040
    8972
    8879
    8866
    8908
    8985
    8925
    8792
    8851
    8861
    8810
    8920
    8792
    8978
    8914
    8822
    8972
    8872
    8932
    8884
    8941
    8960
    8994
    9080
    8863
    8945
    9089
    9010
    8912
    8938
    8976
    9031
    8947
    8992
    8901
    8936
    9056
    9082
    9062
    9051
    8895
    9020
    8967
    9106
    9036
    9107
    9053
    9130
    9040
    8964
    9097
    9222
    9243
    9177
    8938
    9229
    9096
    9046
    8991
    9177
    9187
    9211
    9022
    9150
    9197
    9179
    9233
    9073
    9223
    9352
    9252
    9421
    9219
    9104
    9083
    9114
    9174
    9271
    9013
    9067
    9401
    9132
    9231
    9268
    9232
    9252
    9252
    9175
    9419
    9261
    9368
    9418
    9436
    9452
    9404
    9336
    9505
    9384
    9565
    9362
    9484
    9407
    9349
    9303
    9443
    9381
    9500
    9673
    9466
    9481
    9608
    9506
    9518
    9384
    9549
    9479
    9688
    9569
    9407
    9665
    9692
    9637
    9746
    9701
    9661
    9692
    9716
    9959
    9727
    9742
    9997
    9693
    9694
    9744
    9775
    9816
    9768
    9842
    9928
    9945
   10187
    9997
    9966
   10135
   10113
   10272
   10130
    9992
   10171
   10061
   10111
   10060
   10230
   10322
   10206
   10175
   10205
   10154
   10357
   10432
   10167
   10343
   10307
   10435
   10523
   10415
   10262
   10567
   10580
   10493
   10414
   10395
   10401
   10557
   10451
   10613
   10428
   10582
   10554
   10523
   10480
   10581
   10350
   10637
   10486
   10533
   10752
   10519
   10709
   10691
   10702
   10607
   10753
   10647
   10483
   10611
   10650
   10615
   10747
   10794
   10729
   10545
   10795
   10940
   10892
   11057
   10722
   10932
   10755
   10658
   10699
   10781
   10701
   10733
   10759
   10676
   10829
   10852
   10587
   10863
   10698
   10654
   10608
   10523
   10625
   10369
   10533
   10500
   10329
   10334
   10276
   10307
   10370
   10264
   10031
   10110
   10127
    9821
   10086
    9902
    9590
    9685
    9635
    9543
    9493
    9293
    9327
    9345
    9142
    9205
    9101
    8828
    8870
    8784
    8716
    8698
    8523
    8357
    8602
    8485
    8386
    8160
    8191
    8379
    8187
    8087
    8021
    7808
    7995
    7754
    7782
    7685
    7751
    7662
    7580
    7692
    7675
    7626
    7513
    7494
    7407
    7394
    7340
    7448
    7191
    7475
    7331
    7339
    7203
    7202
    7170
    7243
    7125
    7038
    6999
    7288
    7078
    6928
    7081
    6927
    6838
    6931
    6792
    7026
    7134
    6915
    6906
    6748
    6809
    6863
    6869
    6826
    6772
    6803
    6679
    6818
    6675
    6834
    6820
    6813
    6762
    6742
    6752
    6877
    6745
    6684
    6725
    6636
    6689
    6776
    6748
    6585
    6591
    6810
    6637
    6559
    6546
    6623
    6566
    6516
    6367
    6551
    6548
    6295
    6329
    6516
    6290
    6370
    6321
    6162
    6260
    6239
    6098
    6165
    6126
    6028
    6102
    5806
    5864
    5770
    5722
    5944
    5719
    5752
    5779
    5670
    5586
    5631
    5693
    5715
    5635
    5615
    5582
    5700
    5719
    5827
    5763
    5887
    5929
    6144
    6138
    6162
    6425
    6496
    6630
    7006
    7151
    7317
    7586
    7853
    8269
    8361
    8943
    9095
    9360
    9952
   10425
   10643
   11449
   11769
   12349
   12607
   13591
   13930
   14429
   15009
   15652
   16406
   17020
   17720
   18346
   19124
   19479
   20225
   20604
   21280
   21896
   22604
   22869
   23578
   23984
   24615
   24880
   25471
   25637
   26306
   26320
   26575
   26804
   26719
   26928
   26650
   26552
   26767
   26777
   26368
   26167
   26017
   25979
   25246
   24792
   24544
   23899
   23364
   22944
   22043
   21782
   20959
   20252
   19605
   18951
   18194
   17579
   16745
   16395
   15529
   14642
   14121
   13316
   12818
   12266
   11341
   10810
   10316
    9595
    9106
    8544
    8044
    7633
    7097
    6542
    6258
    5839
    5464
    5317
    4855
    4666
    4323
    4014
    3785
    3713
    3382
    3254
    3107
    2957
    2814
    2716
    2610
    2502
    2569
    2547
    2368
    2389
    2279
    2315
    2353
    2365
    2495
    2463
    2543
    2507
    2604
    2806
    2849
    2976
    3098
    3156
    3371
    3583
    3679
    3878
    4050
    4318
    4609
    4797
    5127
    5311
    5756
    5929
    6173
    6515
    6943
    7278
    7636
    8293
    8697
    8938
    9375
    9873
   10289
   10846
   11273
   11727
   12289
   12946
   13346
   13851
   14099
   14766
   15537
   15636
   16233
   16607
   17108
   17703
   17794
   18391
   18653
   18925
   19331
   19757
   20006
   20513
   20378
   20929
   20921
   20939
   21062
   21341
   21046
   21059
   20778
   20967
   20746
   20661
   20053
   20124
   19681
   19622
   19165
   18598
   18364
   18049
   17453
   16839
   16637
   16292
   15677
   15237
   14478
   14080
   13539
   13062
   12638
   12087
   11452
   10858
   10508
    9871
    9611
    8924
    8528
    8208
    7632
    7296
    6941
    6368
    6096
    5738
    5294
    5202
    4882
    4565
    4272
    3892
    3841
    3516
    3233
    3249
    2906
    2825
    2567
    2438
    2320
    2196
    2142
    1925
    1867
    1784
    1636
    1603
    1542
    1515
    1433
    1353
    1399
    1241
    1244
    1251
    1217
    1257
    1235
    1179
    1147
    1164
    1144
    1138
    1165
    1136
    1114
    1137
    1106
    1118
    1078
    1079
    1082
    1043
    1175
    1216
    1111
    1070
    1114
    1038
    1112
    1172
    1076
    1063
    1019
    1135
    1058
    1083
    1058
    1057
    1093
     999
    1012
    1071
     987
     998
    1010
    1055
    1072
    1033
    1024
    1064
    1013
    1010
    1025
    1041
    1025
    1007
     923
     923
    1002
     939
    1022
     981
     902
     943
     931
     968
     917
     955
     935
     907
     980
     883
     889
     888
     809
     835
     855
     870
     873
     848
     797
     865
     826
     859
     856
     844
     789
     810
     830
     794
     755
     814
     787
     839
     759
     851
     765
     861
     729
     827
     830
     751
     793
     801
     770
     768
     802
     802
     816
     802
     835
     828
     815
     794
     781
     806
     802
     782
     791
     832
     792
     779
     794
     807
     789
     816
     796
     792
     781
     806
     814
     786
     748
     821
     751
     774
     802
     789
     807
     804
     804
     751
     770
     756
     721
     804
     741
     687
     757
     737
     713
     758
     798
     742
     734
     705
     720
     672
     750
     751
     668
     701
     720
     701
     736
     705
     672
     683
     694
     680
     728
     718
     679
     687
     627
     651
     638
     658
     646
     672
     653
     663
     656
     661
     649
     643
     621
     620
     619
     647
     654
     606
     594
     668
     641
     626
     620
     643
     676
     629
     602
     647
     625
     614
     608
     587
     602
     589
     568
     611
     593
     549
     571
     583
     611
     600
     596
     589
     596
     585
     575
     594
     586
     579
     593
     547
     603
     577
     546
     564
     556
     565
     601
     577
     617
     592
     593
     591
     519
     585
     583
     627
     563
     559
     599
     550
     583
     589
     549
     562
     540
     557
     540
     534
     553
     542
     561
     609
     567
     570
     560
     570
     541
     550
     571
     572
     584
     535
     558
     558
     557
     615
     564
     588
     587
     549
     602
     550
     545
     543
     559
     586
     550
     538
     521
     565
     552
     569
     554
     539
     555
     525
     541
     550
     516
     577
     542
     521
     545
     539
     548
     534
     568
     521
     501
     539
     517
     526
     523
     473
     505
     535
     502
     498
     513
     525
     508
     545
     509
     500
     511
     508
     514
     544
     496
     496
     488
     474
     511
     518
     521
     531
     506
     499
     472
     509
     518
     499
     480
     460
     476
     461
     498
     492
     508
     472
     476
     475
     504
     523
     479
     488
     461
     474
     484
     501
     465
     505
     451
     509
     452
     484
     491
     463
     469
     492
     499
     469
     444
     437
     450
     457
     451
     426
     479
     476
     463
     451
     448
     465
     483
     449
     461
     434
     475
     447
     462
     501
     498
     437
     454
     467
     424
     441
     460
     443
     429
     456
     435
     447
     421
     457
     418
     453
     492
     445
     489
     419
     459
     441
     413
     434
     429
     418
     437
     415
     430
     452
     462
     437
     454
     426
     446
     421
     447
     424
     392
     461
     471
     436
     454
     431
     407
     436
     400
     397
     452
     422
     461
     410
     408
     403
     434
     419
     450
     451
     429
     441
     399
     429
     410
     400
     421
     430
     390
     418
     418
     438
     407
     404
     422
     412
     437
     407
     404
     388
     396
     454
     448
     424
     418
     384
     399
     424
     425
     411
     409
     437
     414
     430
     375
     412
     419
     412
     390
     448
     410
     411
     444
     380
     413
     407
     387
     397
     397
     433
     438
     375
     416
     403
     400
     409
     391
     425
     391
     376
     393
     369
     358
     377
     403
     400
     360
     393
     404
     411
     406
     403
     405
     426
     406
     382
     401
     366
     380
     385
     376
     423
     400
     411
     409
     403
     398
     425
     390
     355
     410
     401
     391
     403
     372
     388
     386
     395
     376
     382
     416
     402
     352
     403
     388
     377
     373
     385
     351
     402
     407
     387
     363
     393
     362
     375
     416
     447
     394
     390
     426
     393
     417
     416
     390
     393
     403
     385
     372
     408
     409
     394
     435
     434
     415
     394
     385
     410
     397
     423
     396
     424
     389
     453
     435
     411
     406
     385
     404
     421
     433
     435
     394
     411
     386
     372
     437
     421
     387
     389
     408
     408
     414
     382
     444
     445
     398
     380
     368
     441
     408
     396
     417
     420
     426
     376
     417
     411
     425
     379
     413
     417
     415
     409
     396
     426
     401
     396
     406
     410
     381
     388
     403
     417
     390
     403
     407
     401
     411
     463
     394
     394
     400
     423
     403
     445
     395
     367
     401
     386
     381
     409
     408
     422
     403
     409
     422
     376
     424
     382
     379
     361
     381
     396
     418
     418
     432
     396
     386
     372
     399
     384
     353
     365
     378
     362
     374
     335
     363
     361
     349
     347
     328
     324
     324
     357
     335
     313
     325
     305
     329
     340
     334
     328
     336
     323
     322
     299
     291
     296
     272
     282
     285
     284
     301
     300
     255
     249
     244
     250
     235
     245
     217
     235
     218
     228
     202
     231
     211
     193
     236
     223
     238
     194
     222
     202
     194
     162
     183
     207
     196
     151
     170
     157
     129
     165
     190
     146
     162
     166
     148
     136
     141
     140
     136
     140
     146
     133
     132
     136
     122
     119
     113
     104
     105
     117
     108
     102
     105
     115
     102
      99
     104
      89
      96
     107
      92
      91
      90
      89
      94
      98
      90
      97
      64
      89
      99
      94
      89
      85
      72
      92
      62
       6
       2
       2
       3
       2
       2
       2
       0
       0
       3
       3
       0
       0
       2
       3
       0
       1
       0
       0
       0
       0
       1
       0
       0
       1
       0
       0
       0
       1
       1
       1
       0
       0
       1
       0
       0
       0
       0
       0
       0
       0
       0
       1
       1
       0
       0
       0
       0
       0
       0
       0
       0
       0
       0
       0
       1
       0
       0
       0
       0
       0
       0
       0
       0
       0
       0
       0
       0
       0
       0
       0
       0
       0
       0
       0
       0
       0
       0
       0
       0
       0
       0
       0
       0
       0
       0
       0
       0
       0
       0
       0
       0
       0
       0
       0
       0
$ROI:
1
769 777
$PRESETS:
None
0
0
$ENER_FIT:
0.000000 0.000000
$MCA_CAL:
3
0.000000E+000 0.000000E+000 0.000000E+000 
$SHAPE_CAL:
3
0.000000E+000 0.000000E+000 0.000000E+000
